65
0
32

66
32
59

67
58
90

68
93
123

69
125
148

70
150
172

71
172
204

72
206
234

73
237
246

74
247
266

75
268
296

76
299
323

77
324
357

78
360
388

79
391
422

80
425
452

81
452
484

82
487
514

83
516
541

84
541
570

85
572
599

86
600
631

87
632
678

88
681
711

89
713
743

90
744
770

97
772
796

98
798
822

99
823
844

100
847
872

101
873
898

102
899
915

103
916
941

104
943
967

105
967
977

106
977
988

107
991
1014

108
1016
1025

109
1027
1066

110
1069
2637

111
1094
1119

112
1122
1147

113
1147
1171

114
1174
1191

115
1191
1212

116
1213
1230

117
1232
1256

118
1258
1283

119
1282
1321

120
1322
1346

121
1346
1371

122
1373
1395

49
1396
1407

50
1410
1433

51
1436
1458

52
1461
1487

53
1489
1514

54
1515
1539

55
1542
1565

56
1567
1591

57
1593
1617

48
1620
1648

33
1651
1659

35
1662
1693

47
1694
1714

92
1714
1735

40
1735
1749

41
1750
1764

61
1765
1785

63
1785
1806

64
1807
1837

44
1897
1905

46
1908
1916

59
1917
1926

58
1929
1937

45
1941
1952

95
1956
1987

42
1990
2019

32
2023
2046